# Created by Octave 3.8.0, Wed Feb 22 18:59:02 2017 CET <jelenadrzaic@192.168.1.98>
# name: data
# type: matrix
# rows: 2
# columns: 130
 -14.54365904766225 -15.68099880343955 -12.86506940435207 -10.7906357921333 -10.66239826630633 -11.4487577996768 -10.5229593097515 -10.05939462366808 -10.01302989317065 -10.57107256311536 -8.447704398743408 -7.891217048675179 -8.302068050536196 -6.337878735372957 -5.390860439965292 -2.995471629019342 -2.548908812352737 -0.8988290057180098 -0.6579425810481289 2.031152864001417 2.081321183667814 3.15932754979507 4.73225744586003 5.677300928200888 7.122768822074856 6.454610762933344 7.473711457789325 9.259230625485406 7.884225593279897 10.87011565618014 10.55437522268382 11.79900522149648 13.04193396138277 12.55399819207239 12.30467291186207 13.18883372031502 14.42682063845764 15.49398973284323 13.75174768565784 13.66177027553913 13.88981190485299 16.00902062798187 13.62167172405098 13.40249878838824 15.91564660518519 13.64588324124604 13.59163862111446 14.23340330260438 15.17731644668239 16.0375012935903 15.02154218237621 15.2162685510243 14.46523057578981 11.36936441618791 7.251156621973997 7.232702132837519 6.412883267227847 5.149206330668322 4.98514955870931 4.217899768251578 2.381973594386738 1.738359304485292 1.27158733784685 -1.209656983589081 -4.983062042573242 -10.797387335345 -10.54718747622666 -12.71094817235331 -11.14143153684779 -12.5457419618983 -11.28247697059138 -11.88884956644102 -13.27940049971463 -13.30665523119094 -15.15599487486059 -14.96720342638158 -13.16306465957316 -16.6988785704523 -16.47954612839432 -13.16062970358768 0.1278562217389938 0.4411881046802024 0.01233773582713106 -0.1067199380734109 -0.2255190808538379 0.2320202922489757 -0.4727762288797248 -0.1921477434218675 -0.8083419103390285 1.151416603208126 39.33892140210629 40.48266963982982 40.6821291411711 39.31867242194499 39.97810191491693 40.51756926515588 38.44433981049725 40.22913457521152 39.44396809823458 39.02191784723205 39.77674888954312 39.45897659266645 39.37606083937791 41.55806082618711 39.08927340732603 40.28822081967166 37.59010335307299 40.15131732716133 40.53001276690009 40.82758563402285 40.27113993131289 39.60941094991618 41.47284210982677 41.62300661520619 39.78419387159683 38.15382500897265 39.06039028586154 41.0263020178046 42.12040566397312 38.52030402789499 40.55770779116534 40.50174891288833 39.08126150343151 40.7032659991031 39.34714046129639 41.42341506759165 39.14883649793789 39.8837947553087 39.13738675737504 38.07263020637006
 -1.168116821200977 -4.975975931535009 -8.482530774322514 -7.553885565439635 -8.421389799916829 -9.595550391643783 -8.961444152793653 -9.022035864063961 -10.57694120356106 -11.5710969032711 -10.17198652521976 -11.82033724979389 -14.41193335740369 -13.18348976317732 -15.90628199853189 -13.1040078848793 -13.26554272577737 -13.46107224514179 -15.78321669800655 -16.52147526565048 -12.84614507911419 -16.18654619899756 -14.61791666497397 -14.85420557373104 -13.26048238132151 -11.91401676531319 -11.7705391588012 -13.57676855595863 -10.74990968346242 -10.44479552559873 -7.712337539536793 -8.044860833179795 -6.99004779099229 -5.187558637607408 -4.644312518481584 -3.655011626643027 -3.533186109195474 -3.677448919881115 -3.088629683391249 -1.874678600260454 -1.349527777024396 -1.448638050598349 -0.7990656603157381 -0.4787531562484424 -0.1276652679407294 0.4963607433216426 2.432141664261502 2.824728778006224 3.304462055086173 5.147697675153787 5.788298234916923 6.364084670348133 8.468120738096509 10.40128342372134 12.82269220846193 14.70930625257154 15.0827855442405 12.36443171146059 15.88030350463521 15.10481064147577 13.22254588519259 16.56397574870201 16.75369431525086 13.84367262825041 14.63647036818622 11.84489303068542 9.44617961456604 10.47878731590359 9.068785267849234 9.59643283140394 8.14735126522668 5.751904094461652 5.925518042263004 5.797494885449165 4.35807871793938 3.372151066067611 2.121507887502208 1.633475188079595 1.45276892126147 1.074165132931065 -0.4230118429653221 2.319691111637579 0.7246388893614779 -0.2027289022730935 -0.1911423166308143 -1.588993232767826 0.1812311047891694 -0.9967879310879028 0.05830329252698268 1.340343470928654 8.198969692315773 8.902980664176965 9.076043428282446 10.43107963772689 11.18542323759713 6.890867527976821 10.54535379204384 8.995158004290413 3.340615965424473 9.179362172919197 6.289622494503115 7.415220126302357 10.2256629722258 10.82675114154382 9.581477825981322 10.66105043136994 7.160347013838802 8.332223887247157 6.321656469594426 8.269360826594797 -8.544570748107461 -5.819001032289767 -6.697390470965508 -3.330185661342272 -4.877425489650435 -4.549908482117657 -8.890045805936907 -8.851730285877743 -9.509376117991597 -8.670226017883774 -8.575522450605975 -7.781007453784213 -4.083554960527792 -7.866878795526298 -6.234352138403326 -5.596301393084877 -6.072797265828521 -8.561158063195302 -8.498654357470716 -5.222400228335214


