# Created by Octave 3.8.0, Wed Feb 22 18:58:35 2017 CET <jelenadrzaic@192.168.1.98>
# name: data
# type: matrix
# rows: 2
# columns: 90
 0.4740924036953341 -2.984324994605192 -1.733191979315286 2.173157825723009 -0.9990288903677879 0.6844013061934983 1.080526004749546 -1.535885529088651 -2.300026669142073 1.007452193586118 -3.367071495231803 -0.9736714370746696 1.576819188189046 -0.04919636324744961 -2.713242664634332 -3.415729378061126 -0.9930126603064636 0.1737504395311908 0.4682423951644458 -6.546987403693467 0.293934310114697 0.5812544929684222 0.5153836289415412 0.06526791935133484 -0.7359816748112045 3.675946483404049 -3.849899770437074 1.867727034443174 -0.3624895804611258 2.590831678772828 0.5237160561303029 -0.1568674241045536 -0.6707042381600767 -0.09337326131364733 1.926251612024954 -1.403940280967923 -1.110481650055237 -1.250078570391204 3.116004310925935 1.959619241446437 32.92306670360909 30.30321217784723 28.79615380091284 29.26250622192385 30.5911220853747 31.41953338326624 30.24014133875001 29.74697262566826 31.15645978035887 32.86490753689353 28.55964793860844 29.38077678150328 27.9548385721131 29.82140484662626 27.16377310820616 31.03545805021012 30.55106585457483 28.09241903602896 26.97752732821466 32.65800755419238 30.29062130921364 30.13467662955529 30.23856001718947 31.51802907096369 32.01672476393636 30.28980581626158 27.32066491250519 28.10279772661172 31.33717734068196 27.55024176998552 31.27037149633808 26.24902237090196 30.92356842137782 27.86710965462209 30.93687741579827 29.25982616190025 35.10740288832809 25.56264268150132 28.05000071931231 30.72390739652616 28.15941435721459 32.66959234810004 30.92251691274583 28.65997951642614 30.48197119855157 30.49466743348129 31.02375776336773 30.1919837359596 32.5509858486626 31.11913932436568
 -0.3364032180940016 -14.42945066740305 -0.5780910757456206 18.35662248721215 -4.714381031637523 -10.81914620972363 10.37671394371129 -6.076922404460072 -6.593848166730623 -5.693763075879117 3.992779107162241 5.236758795820967 -9.177580105852428 9.200423990843889 -18.35073195061522 -12.90727077945105 4.903141679830845 -9.116124362150728 -12.8493815181376 -10.92996107070979 8.83045093129722 12.25780979190933 14.38069583599897 -7.59997436066315 -1.677687213469099 17.96092825368513 -38.32683837347653 -3.677618923196486 -18.26462224638117 5.369897217835416 -17.56185279538104 -3.672296838194369 15.6920578466703 -6.48950222610032 1.605303150882625 -9.814397056440111 -9.541953658679217 -24.99814631891116 8.632248539861553 0.6824727893822456 14.01276349152497 -7.282555058490104 11.30560210819858 6.490984137486022 13.6164268565256 13.75773757245478 14.40421226795438 9.886228325684254 -7.153825470791041 14.87565327072353 -0.4816498688302957 23.16092694488859 1.123639395380245 13.39705963393014 -15.65012431399383 3.292354057427856 11.84505728964237 -0.7782967170850164 11.90109462093634 23.60068998526568 2.229796949448019 24.21385815194029 15.75267810779654 3.172245387850966 8.240647091886258 16.50776454527299 4.181486844584986 11.97569934849167 7.160352030955591 13.14508351868858 22.51686259643175 4.425375883583951 -6.097182700296017 5.46545757904722 20.59650612989998 3.272429550388368 17.8278053989545 20.57704475045945 6.66114475653977 5.446760659986236 16.25104201609709 -7.969422792496854 10.28108074758011 14.3225452538292 14.30581267232566 24.49429546219172 8.499727850019951 -0.2462442316151439 17.70728848474908 -0.725006293281055


