# Created by Octave 3.8.0, Wed Feb 22 19:04:10 2017 CET <jelenadrzaic@192.168.1.98>
# name: data
# type: matrix
# rows: 2
# columns: 120
 -13.81408106197693 -13.28112795214349 -12.97144166476962 -13.88843152351425 -12.63929786682866 -14.63328968505133 -14.76287466494814 -12.57339056420057 -12.78877486691079 -14.55825953275922 -13.46079484928443 -11.59553660976198 -13.76675936956764 -12.42585345258257 -11.04347438709281 -11.22675197853618 -11.41740499656824 -12.06317017986072 -11.30903199189572 -10.49131928295434 -8.230903875104355 -8.750394913809778 -6.712320023094789 -6.363542268870622 -4.735788530407143 -2.420461835989083 -0.81576292712045 -0.1998896006317508 2.051403061163696 2.772668202218629 4.550740010641274 5.094160378071009 5.637708416260245 5.981449434983821 6.618908367856386 7.339411168195381 8.76495375417179 9.497480455390674 8.876387108324733 11.41847262777647 11.3115916384194 14.16563326282953 14.1287876569291 14.07053851236686 15.22798010052978 14.99189807967834 14.94799469230447 14.34784304958469 15.61074024279216 13.34579798384121 12.9496533818615 14.7299431458622 15.11854236479996 11.89336895559951 10.10273395642406 9.792215917787882 10.312430162397 10.12354582544465 9.518694272982726 7.051662906201893 4.878657428363817 3.332722436635334 -0.366409385494967 -1.036044451674138 -2.978696939539877 -3.320697403082391 -4.407951032765054 -4.64423699653649 -10.04003162443759 -11.22811477388235 -9.985613203350045 -12.55259233273294 -12.85624791704289 -13.73407825760486 -15.02972538310365 -13.17943251070747 -15.40570440254704 -13.18652684456607 -14.59246747990322 -15.01261885745297 1.217500182339235 -0.951172079187955 -0.3159248372382432 1.211880093138677 -1.52992681301984 -0.241222888577711 -1.127000389469911 0.1682531973253048 2.174210791291807 -0.3060271298039646 -0.6766042783731756 -0.4126330786328111 -3.573406743683332 -0.335292729627078 -0.5332812345032358 -0.3929694560907123 3.290506981339531 0.1811269672920031 -0.544628118185794 0.9187511392794745 24.53505049459242 24.38796940037631 26.26222792178478 25.40625094461828 26.77735978282938 24.8467502867344 25.37716959188759 23.2589358081707 26.16379341106429 25.50558181638331 23.91633357707724 25.54532322170065 24.11181596270502 25.71232726124442 23.80356448319475 25.25108307028066 24.87182914383173 24.98488817554846 24.90730938035247 24.24185647619193
 -1.162314802248682 -1.526391656589435 -1.61404884121012 -3.96640208760568 -4.326084512183431 -6.406250834781343 -6.869112126446524 -5.956962887479748 -6.540696849351622 -8.561792163993506 -8.149411531718703 -7.092234138007909 -9.909786492559444 -9.017210407258693 -8.438482089440781 -9.590449438110316 -10.12042774789181 -10.874844904569 -10.518424533581 -11.85865602377125 -11.25506848607305 -12.23420894664516 -11.57105847410901 -15.46926340903346 -14.1070299408184 -14.04598097308207 -13.60547179969595 -13.97480516056732 -15.09656999202356 -15.61986485682466 -15.43325369505379 -16.15714580883117 -15.52264431746235 -13.14114072223624 -11.85922331562553 -11.05142735177787 -12.64975307672707 -12.64068608741336 -10.07138671479355 -10.7939349692206 -10.17592172995124 -8.656876629518679 -8.100099431651291 -7.854191129440268 -7.10192778351046 -5.158341219055288 -3.864016454437948 -0.4096943766492898 -0.1223255546149429 1.634537581936025 3.145633326667481 7.234746806286441 7.476760104899352 6.105103266447395 8.597874355386889 9.306324057400147 10.60373826689759 11.28630630144744 11.02874247879394 14.53827398432853 13.59519694546754 15.52071430784742 14.92954229689765 16.26182914894933 13.34576497528018 12.57008625034909 15.3067422487403 14.37264651768785 12.79194457717717 12.5784830257093 9.808145806415032 10.58708605626651 6.475399768680314 5.378004966110325 5.215879843757253 4.00956739018503 4.115941137437797 2.970596624645652 1.261240822842374 0.2910577036007365 -0.7141152558406256 0.3561431718251397 -1.01991637021761 2.682772398949821 -0.6326257764121889 1.894809139865906 0.2957886951289189 -2.924390941296046 -0.2540435559200144 -1.58359843966704 2.26769527464676 -3.515351085555884 -1.739130426209121 -0.4887683575725681 0.3357281253573736 1.831175238082982 0.02437469989263628 -2.920360715885264 -1.974628734336454 0.3363351013907507 1.047112116043189 -1.005965889901497 -0.8453000024854757 1.483981052667601 0.409798553466485 -2.008731189032017 0.1336799774779153 -0.9866796018772384 -1.031751869118922 -0.2899692817569246 1.249409594031605 1.325445486259188 -0.1588529752418139 2.65914985508272 0.6931904050696905 0.1205295983864303 0.05385832519144795 -0.3812655326448413 -0.3017294618338897 -2.595582471601083


