# Created by Octave 3.8.0, Wed Feb 22 18:58:53 2017 CET <jelenadrzaic@192.168.1.98>
# name: data
# type: matrix
# rows: 2
# columns: 120
 -15.05442530800795 -14.38244087344688 -13.0624173162589 -13.26609313706947 -14.90960800887147 -12.095030915301 -12.72702386311985 -10.19780440563222 -11.01992187700279 -9.826910581806242 -9.322319580915478 -8.813130977596336 -6.575713122452489 -4.802783707088135 -5.832421794517174 -3.868109702983356 -2.683941084764815 -2.183132875445922 -0.3587458275138119 0.6926529982105161 3.870372772475391 4.598621401312345 4.663222801311053 4.303172886958742 6.281406498932733 5.765954954086471 9.800139971261805 11.53053848383688 12.14391729495613 11.15147197716941 12.67404422855588 13.51946425118985 13.01267036725422 14.18596308567451 13.00370598217749 15.50538888661481 15.52539203961563 16.46322370041468 13.47409662417401 16.98247803848128 16.49227880211253 15.37833611242495 15.36951135088621 14.59848058829146 16.31082601513272 16.04213981346206 13.07756978874008 14.72365523905209 13.08688013326301 12.85371167672491 10.95582155855273 11.44842390786091 9.535942961298366 10.32840693000274 11.79326055742732 9.795016578572881 8.503844636193994 6.101326069440081 5.892888863148233 3.463536031870815 0.3722889862110104 -1.102734356560326 -1.564991148267026 -3.356680510275563 -4.552839440934643 -5.049753517895944 -5.822281928266158 -6.541621764862438 -6.912261241897005 -6.323489656868334 -8.511681494116026 -8.872694916186207 -12.0305915303536 -11.55327405220465 -14.80938949368307 -13.79402577405568 -12.90775318847544 -14.61886601141166 -13.86870315693401 -16.10728054563889 -0.3082521533086864 1.163131532679089 -1.803873308655663 -0.2645674512731623 -0.9441973692746932 0.8343899788080151 0.4011374043625121 1.257686140461477 0.5737929490433441 -0.68707453428522 0.6669255735340776 0.1976420846567079 2.209739458706014 1.742054690032127 -0.6948928658812722 -2.474070127784627 -0.4681117009529667 0.196231468240552 0.4435099145922805 -1.070890381624717 26.96216314035171 24.2513070180574 25.0783211900664 24.20515996244135 24.17789792538255 25.32598223241556 25.42564543052046 24.18893798895864 23.27552515385229 25.01975491398149 23.8559080968108 24.6304699472321 24.77250086026293 25.4898355129729 27.19090476196494 24.62891685960696 24.80750056684093 23.29750735536215 25.15966581519848 22.43040622133772
 -0.4678325249359114 -2.111628156650794 -2.070158600039329 -4.038397045550579 -5.955610705291732 -9.126566124070267 -10.4841524508013 -8.834450638785066 -10.17750451175747 -11.66901034595005 -13.28128981037141 -12.9362395216704 -11.5959201016592 -12.21881778159395 -15.52460084622776 -12.55986946147074 -15.49922307677326 -16.56314440592403 -15.48306041823063 -14.42974064774784 -16.36958715931936 -14.85262281099541 -13.55239463926541 -12.27760817774778 -15.72168252345192 -14.20446993469035 -13.8002167878231 -12.42235779556272 -10.72325655840961 -9.683541505396878 -10.97018804610128 -9.211621800720884 -5.501849749524664 -4.225011949415601 -3.333099408085155 -3.821782150475669 -3.759358021644588 -2.227618578744575 -0.8289523769163538 -0.4164170305018581 -0.2454593735629139 1.90784472763454 1.973240364504728 3.161911446193403 4.500498470540889 4.46797343673638 4.856953003923937 6.031647229728237 5.782811297425481 9.062290208363073 7.963849104478602 9.775565013094861 8.97165942844094 9.820869742951793 12.19069632742532 10.34322511190624 12.30136314873868 14.67203291399074 15.19575181635679 12.59588402503653 15.40657297828435 15.92785843262369 16.8874704809494 16.52920985253733 15.56268959747293 15.64052444844552 15.0565621840944 14.38654263461284 14.97625566818939 11.90702279090013 13.4375390507049 9.895222899134597 9.924588733316568 7.340649378583957 6.532839028056231 5.641790083151426 5.176374758719477 5.720973576429668 4.612379499284578 4.170726100033139 0.8907588296916081 5.158167776192553 5.30009640291385 4.224272419873515 -0.4443628774557092 0.9466769224817807 -1.961288783478798 0.2851244418753812 -2.273632728886013 -2.927802235673844 -1.006592800531718 3.604508473149048 -4.630754815448632 0.3290566672930912 -0.7321694839461039 0.3979607764364794 -0.6789176504395658 3.798150317014162 0.7594372599515469 -1.975530479539713 -1.183455368240543 -0.002398207095746663 -1.424453325110061 -1.137939768656296 -0.03365755722677566 -1.527862449830799 0.2827991190659742 1.265968100081818 0.2817596498466574 -0.2459430626137238 0.9534187082053248 -0.3477161625311182 -0.7241207989479579 0.9103354021919884 1.788292949512694 2.074973710963694 -0.8569094933593014 -0.3902459240566917 -1.712304919719891 1.598814461363034


