# Created by Octave 3.8.0, Wed Feb 22 19:00:50 2017 CET <jelenadrzaic@192.168.1.98>
# name: data
# type: matrix
# rows: 2
# columns: 100
 -11.13657069521318 -10.06423557771306 -9.788612425620512 -10.31999799773876 -8.036864133907638 -10.77055546626389 -8.917410702111489 -9.696358483002717 -9.102671774497347 -10.35768171355758 -9.873949944795717 -8.449250592865743 -6.013408882373611 -8.506019817200958 -5.769359042673885 -6.084150644260979 -5.636014817566266 -4.492302826845943 -4.201051903277829 -3.519293896252502 -4.15027859081109 -2.633891380684636 -1.917399369907541 -1.382417814944051 -0.7179997384511754 -0.2307304145371873 0.02869881690553328 0.3107776608817294 1.526526911211892 1.688993706459553 2.252319663920303 2.251726211066343 2.411342195848482 3.321767623428863 2.896786850670176 4.113881862747011 3.560801027611705 4.66248828339837 5.339582510515099 6.357265501768342 4.576675827625744 5.685329431196999 5.826705000374801 7.034322094324594 9.431687159863653 8.297249655197485 8.175328105723702 7.477851660556292 7.543397362001499 8.862004829772394 10.78450554461922 9.753920996982659 11.14965973545837 10.76728595379493 11.12956725342145 11.00191124446345 8.20435339803754 9.000039658626743 9.173461905070578 9.597774071582252 9.073640861829796 7.892167114207848 6.834922732951949 8.767255451312202 6.036670193108868 6.751018518453763 5.571008848872119 6.665481217697692 5.560241948022432 5.616835532944942 4.841258550691828 5.383762276358907 3.067916706061489 1.859379680852288 1.321673265704909 0.9851331566504322 0.7320111055240928 -1.825298886281258 -2.247177552985451 -2.305230920243132 -2.692392758997554 -2.810059602349015 -3.137096980497777 -4.158217065888756 -5.449526242979426 -6.408175307587456 -6.406031655334662 -7.130139885371151 -5.874954873421201 -8.383343126036026 -7.782618816329502 -8.691671137253739 -7.887074061415967 -7.655763401159171 -10.62115207571872 -10.2998996402008 -11.07231406595753 -8.789339860540803 -10.53442936439608 -11.82680040283978
 -0.1945372348295172 -0.2725834722728274 -1.857684444844585 -2.882697816691429 -2.392075567380107 -3.22675997379317 -3.470297052078488 -3.884426364860296 -3.800488271423061 -4.962458935847481 -5.812807416090848 -5.915681094686887 -5.799379133409479 -8.286805865462153 -5.862977451429969 -9.041580318673594 -9.143355597294244 -8.690935936639871 -9.809609627931192 -8.640213586248093 -10.4687965061401 -11.25087279515793 -10.36537593200858 -8.68672349431314 -10.67722075938439 -11.21127268838398 -9.14195620921484 -11.19836897342267 -11.81241622650204 -9.819990196860996 -9.534518301628898 -8.727458891950464 -7.753089760716902 -10.19937002516734 -8.200614481298954 -9.210826161328967 -7.250377245323349 -8.804312830065037 -9.365404414220471 -9.660129616096338 -6.88744563745785 -6.764354633822677 -6.90603755325181 -6.467200868231672 -7.245229697309888 -6.261259957287227 -6.126840999194088 -5.151078731061864 -4.02772821952924 -3.542323742122814 -2.482698464229738 -2.031942347432576 -1.347451326195376 -1.207088340257592 -0.5257426297507317 -0.4464740328407398 1.1084386934729 2.286885395131772 2.953072107783077 3.333256989150792 5.251658759145858 5.052498852542424 4.675432005763881 6.149232220246553 5.856605312367613 7.794617712005436 6.742816744021598 8.253400152624524 8.329495812356736 9.608649439845065 9.240139736632633 10.52670643452772 10.92676367590443 10.15846262983306 11.26742322731394 9.051540969973868 8.749701596292576 9.735193474966588 11.63639034327044 11.21866911261404 11.17146240841554 9.000253347753137 7.833290443880652 7.774492876609678 8.076796578568162 9.376686673456932 8.804331911696455 9.264640292937971 5.537161089346106 6.229581045575104 4.690107375393687 3.798367645083448 2.965904749492649 2.62881535323019 2.557175902612758 2.252469697732172 1.513678803073841 0.9814335423836542 1.125892524340398 0.7971045783440434


