# Created by Octave 3.8.0, Wed Feb 22 19:04:19 2017 CET <jelenadrzaic@192.168.1.98>
# name: data
# type: matrix
# rows: 2
# columns: 130
 -14.41825032934992 -15.06930659884876 -14.46095140981815 -14.76430578473165 -14.00381700959444 -12.6228559466874 -13.9683035503784 -13.96127456701952 -14.1800399684923 -13.93086733102445 -14.32033122003029 -14.40227023889714 -12.38861294276147 -12.76477910605919 -9.71699425302273 -10.2216947465425 -10.73894641610266 -9.192746051523871 -9.960478737536702 -8.615920155158268 -7.631175109663474 -6.194776654867769 -4.798165477947673 -4.905280441686837 -4.934185921885028 -4.307936286412985 -4.636046814369026 -3.233132946485175 0.3672633638564357 1.937454845968199 4.013925114847098 6.103783371763309 7.307324386032477 7.79106736377084 10.56602665891537 11.56060558302586 9.658971005698053 11.09049771213835 13.3451052852813 11.74679712944631 13.42991873335245 14.80537025329312 15.19650768697277 14.68830984385859 12.91491256715312 14.48791009642354 14.02402501998024 14.00235240116547 13.53127760740785 15.29485700899155 10.74662736696918 9.731138581246976 10.97399425136988 9.868369716058419 10.12792110285011 8.487034121855174 8.94455140446281 8.919050080086654 4.360125959589837 1.44815252726253 0.15529131974907 -2.00857816585869 -2.053928577162205 -3.438743170300118 -3.848835100196144 -4.888832946714278 -5.866963625337231 -7.27964834777231 -8.951178683475916 -7.595333323076942 -8.539510662217507 -10.83181239283991 -12.45536547587197 -12.34838047886391 -11.88071310882832 -15.19087209824937 -13.44829603786748 -14.5105473211104 -16.76400010595678 -13.1771105741517 0.3485019282994488 0.1250240923274276 0.8850485889606626 1.23637560825306 -0.3668442480541604 0.3186651926717745 1.57736732778969 -2.495479290799598 -1.30143946902234 -0.3030559851608068 40.29778419686775 39.46169411838915 40.63159472637349 40.70150663984657 41.64459538524471 40.87461863948971 38.96262941244912 39.62970646171228 39.40289001960313 39.63911287657665 39.15610207979154 40.67133870903727 40.83046116729631 40.67652496207653 39.37968158584221 40.22126041759871 38.63240705997006 39.07460902124604 41.48509921526151 40.52596722030584 41.63329409994994 39.46293519530177 41.66469958327769 40.87482715974442 38.71592830813583 40.62727692165268 39.78446137906862 39.64247744516406 39.79157010930736 40.20130690418807 42.46303086971065 39.98338325940984 39.55202644779886 40.52758684614892 42.71600659827403 39.82233486940805 36.08919444322623 39.42689728022601 39.50857363813662 41.05612129946083
 -0.5425651512021294 -0.7414076037413896 -0.7922018435503559 -2.074938404190474 -3.044211234067808 -3.258757569234507 -4.386110173185138 -5.057898736422615 -5.295277604583214 -6.31259511942685 -6.686797328125244 -7.139013687944309 -8.697316199606552 -10.97391801919794 -9.070454734476693 -9.96834631099828 -11.23180483555214 -10.20114072177686 -13.51175913479203 -13.78719080973218 -15.11197688363965 -14.56762657156144 -12.68064909081523 -14.31338026128691 -14.42589931672297 -13.91808192614154 -16.17883582921702 -15.91346367372648 -14.39945927351987 -16.84407092998018 -13.82717800831661 -15.64308325765013 -15.2113189807806 -15.06552694883259 -10.71029910050975 -11.24419538082465 -9.015203069242844 -9.569262522963658 -9.689159857664087 -7.666293759840584 -6.417224846554245 -6.956193416467815 -5.528179528587231 -3.276649651351099 -1.552528437580367 -1.546704954443557 -0.8445529872340639 1.669691783753525 4.54053816631548 5.61521033171359 8.46300888854242 9.699544046106942 11.99337677456466 11.40479371038269 11.76819495625227 10.52506634526576 11.82553258796478 13.16733060679239 15.71697242437796 15.4365626035965 15.51088650002439 16.16600670115655 13.39410490123859 13.51033890225999 14.16043336456204 15.33994579790458 11.72349386887534 12.8586092547421 14.09136541750256 11.72561996223135 10.06273627141912 9.699166422167828 9.176389913349999 8.578079896541473 5.527365968766401 6.965714017993402 3.094409765472943 3.292743041646754 2.111630724705328 0.000314783159014928 -1.11253394004897 -0.4662555326627162 -3.158721430568511 0.1017760167403976 0.9356389200468186 -0.507485665704198 -1.466364516019665 1.070573739707672 1.114503784528485 -2.841751284993174 7.540459835686047 9.734910456051514 10.12744453184794 9.519680265173115 7.265707543483426 6.520614253201169 11.89902000369564 6.830358113286472 10.12301552117563 7.660985937382166 8.013636696374382 5.065612617003193 9.235324664747804 8.282851418292722 6.664448844129873 8.345134800657878 6.564323376562658 6.697568337883427 6.836731673704749 7.708938222556691 -1.91925143844239 -8.475699370083031 -6.289822448631161 -4.565789545275559 -7.46814227777884 -7.659818002952675 -6.089744009892305 -2.666094258532632 -7.620918090494697 -1.55912902175584 -6.735020232237304 -7.100470387595048 -6.306078301006201 -5.372494467993925 -4.862803658450185 -8.952518685862211 -8.183039281116574 -5.273432867245228 -10.04847037379613 -8.336596561291309


