# Created by Octave 3.8.0, Sun Jan 15 13:09:12 2017 CET <jelenadrzaic@jelenas-air>
# name: data
# type: matrix
# rows: 2
# columns: 130
 -14.98117544588639 -13.82950208781932 -12.40687276543872 -15.15670069677506 -12.2683382813698 -12.5313990009592 -12.44022337491688 -12.44209678352466 -12.92871274902422 -12.51386001319184 -11.65284515268193 -10.13224337093108 -10.26932059551684 -8.056923798532628 -7.025302456690929 -3.261872156857699 -3.089682716100603 -1.924603692160536 -1.336090658446578 -0.3527189028038282 1.446427205031392 2.103648940248302 2.523169436874045 2.343897849985658 4.289609621633087 5.164519095889495 6.627522582439377 7.468061140987058 7.090059071723108 6.912611524289968 7.731328727715641 7.565962828942725 10.50885103509629 11.10560536496007 13.36346249158349 13.91301151499852 14.0952775549657 14.5756934288009 12.5112916380593 16.01115592944854 14.38463705267569 16.24051220573061 14.89701932570353 13.83732688159136 13.19017832934415 14.44763165235137 14.63056950753222 15.85885385257747 13.91514266199907 13.83100815695205 14.68122404423222 14.90574765292475 13.26005960253723 12.77068683102691 10.39220034250959 9.968736070110378 9.032715473430608 8.586480839719155 7.501237454321475 7.689848412441973 6.535705446929147 0.8239434500939787 0.2962639847264327 -0.789793597288812 -2.222122667559045 -6.041292323820041 -5.575861955131686 -6.821122305848807 -6.389107082766056 -9.85053732561428 -11.76745223966803 -11.70751356819183 -11.17469032418075 -14.16019927001025 -13.41589315843096 -14.78046172241083 -15.75538232251547 -12.91799968869276 -14.97893049244147 -14.602551863473 -0.3954197948062199 -0.1875561828013312 -0.8660540644850663 -1.560011180268509 -1.787281801666078 -1.924282946851946 -1.684286995355943 0.8661483080077441 0.6045950483661496 -0.01226015076591634 41.01788241899833 39.21265174334421 40.96493694012111 41.29078341617999 41.32264685034781 38.66813354175177 40.0226738746379 41.15398584311185 40.06414121341161 39.38318594739326 40.84882432009449 40.05831119416988 40.10002281038592 39.66524155477354 40.2572651764361 41.56627249975913 40.11281324934259 41.04353885057012 40.81384699905333 38.8039727073558 39.3326467976639 41.21399394677537 41.38790657061693 38.62336019086967 41.68075061233125 40.43217824688114 37.43860387205619 36.14060474393462 38.75347324251958 40.78969053124408 39.92014967786901 40.88378596880793 40.84823290569071 40.7382333131337 41.31413436138203 39.44339162469787 41.0497839505437 39.49654522020806 40.87304399315131 41.78830509226137
 -0.956685130865496 -4.064956354200994 -5.00313235303918 -6.162578592714627 -5.103412201865971 -5.930195873248121 -7.761158893356985 -8.005984047282164 -9.765584813459153 -10.15206692785009 -9.896127394014846 -10.06701072756436 -10.48562822306773 -11.50983523968865 -14.37675851302699 -14.85262048888346 -16.26115019581848 -14.18439384052658 -15.95239361781263 -16.45410108427169 -12.98060767953451 -13.60681266099527 -15.9787944008695 -13.094740834509 -15.33012405721957 -12.8119237354764 -13.63608399784935 -13.87497187648821 -12.76914310099709 -12.18868716536612 -13.34558477946773 -12.68504828393909 -9.270487350067185 -8.088614570798192 -7.589558888837006 -7.874012172961772 -6.0199489236298 -6.199317982938002 -4.939020991212478 -4.333008435424998 -3.099507771714668 -1.593694452584807 0.9937472123268255 1.516438890051693 1.637286103798941 2.842919728956529 4.201545748996479 5.163962995422668 4.730226283668289 5.820539126746138 6.682561956497365 7.73198168171209 8.728627035201512 10.4586390519223 9.13609510098498 8.833913687287726 10.09844093079391 11.27916256628729 11.51667316227418 12.49672365697334 12.88025147942965 14.15991408012598 15.27149918441061 16.39394888962302 14.97293693226284 15.19148376928063 13.40611241824932 14.58479034914579 12.14919385574738 10.52326552570753 11.13789759961977 9.899377655210202 7.081813595421252 8.885605523530204 7.719679276345402 8.046544320507929 4.99891407968946 2.950635076702753 1.713243975114058 0.1433968798776547 -3.650937201584661 1.707679119592927 1.470487870584698 2.076110805947025 -3.544794401420893 1.206418303248232 2.401501977224833 -1.781809400704848 -3.149908093971254 -2.21974812791461 7.168405695793559 8.764570996613354 8.9867166233149 8.821806274024169 9.334233140108836 8.303108633557459 4.851616132699309 7.393351145184206 10.68030962943599 10.82134126141461 6.0892394326983 7.393428182257269 8.374362371607479 5.903210461137114 0.7765296584784656 11.43659461936564 5.799889120068457 5.004400056529457 8.861939593442447 7.456152132429217 -4.105666697256042 -4.00605407495177 -4.435434020062099 -7.220137490357188 -8.17477431791767 -11.28932035964016 -8.299590097360207 -5.005157198578623 -9.246226836271401 -6.061592106527318 -6.145178217421137 -9.157307137247404 -3.97122152458207 -8.780169018379201 -6.011730168906984 -8.377164837180796 -4.900940233812837 -9.395667823240478 -3.716470073775082 -4.969577525854867


