# Created by Octave 3.8.0, Wed Feb 22 19:01:04 2017 CET <jelenadrzaic@192.168.1.98>
# name: data
# type: matrix
# rows: 2
# columns: 90
 2.333823186613659 -0.6422832307246188 -0.8777448327715562 4.246372423827601 0.4902025168197921 0.06601873702833091 0.9293046531219309 -0.09486434063903137 -0.9897375450245152 0.7961183308206834 -2.292456248671666 -0.867050397076107 1.633394620356857 1.85302191060617 1.810697198976749 1.37285294255276 1.261252811786197 1.788951863752422 1.140990170392449 0.6306774123104254 -0.5312096042775533 -0.7796858026610974 1.199150399297602 0.347643509281871 -2.767717565875136 1.140809177308709 -1.462853365276392 1.037975060488636 -1.863689574517683 2.967106954931349 0.8589879375701234 -0.7659625805477808 -0.7224089124058617 -0.4151715060844619 0.06288562413637507 0.09442579478217006 -3.895980177436988 2.036992390682777 0.7365561099394412 0.5871917678519175 29.00095571477565 26.84735792455199 31.64711381971189 28.12819175356092 26.31448104070076 30.30830743372716 30.13141873782671 26.60039138988552 30.47346710180865 30.6897545229585 30.46006235609298 31.05753347235166 30.74961479386304 28.95674902621031 32.53474426565338 30.9231409609161 31.86232994801529 31.50939061323446 28.99956745749697 32.0147150649543 31.39641840821186 30.88501539511595 31.24587829183966 30.02402176462878 31.29065024428977 29.58140818500474 32.99485303732475 25.58086846767525 30.23203764546744 29.55779989457815 30.02974768979541 29.03052511596423 29.57585149776224 26.35235237519707 31.55165784023787 32.82781055870484 30.50644881282832 34.77473612823215 27.75818494937956 28.34764541563204 28.82897529796521 29.84996986137632 27.72955073180725 28.15713515850699 31.27798743906466 29.02812802791619 31.86078017751505 31.22108779727987 31.88258576031141 33.21700178783411
 -21.3748856841509 -4.605098542395766 8.861964071999015 7.482303403619134 19.56236432878507 -9.005036859902889 3.181939124166144 -14.73205150639038 -0.8580037273340434 -0.08260858059594128 0.02081111587211609 -1.243377673163161 15.38776350737471 1.212502349449939 3.587620922918924 5.607153256419676 1.837626016958503 -5.757568534498446 -5.127683995314105 -3.694440140867242 -5.35230403824606 2.519147568418943 -14.29514844659781 8.862894292525056 -12.90495233150498 -1.184119523125973 -7.97460852952754 -6.281137939722096 11.07365749805106 13.09497671717658 -13.76025803252978 10.00813090167345 0.6454497728532034 6.712795845262786 26.24112918210923 -0.3183881431408057 -4.778794015387732 12.12303179809506 3.021928248324794 -6.512534969413831 3.249661530561334 1.328283961856084 22.73849304264578 1.720324304404649 9.208620687692484 25.00399918424448 -4.873613220899053 8.304296996150825 15.29053782515114 16.63158826212233 -6.014728544572932 -1.50508916564662 10.85090033539055 3.10584510267943 2.723603558156896 -19.48473018783369 -3.579048270347601 0.2541507420382825 24.02524371354133 16.80676095512195 16.20394197912264 5.222713202202147 10.86634386396748 -12.03704654318271 23.22511046933574 10.40677084754715 11.26089152973731 1.171833978655098 21.46322017339215 12.63526492959968 10.73009466925487 28.23945558798732 14.65159699279756 20.82542143369795 1.238201237169807 0.5088395972857853 14.32320273361312 4.656471966376378 17.86018859880992 13.16328687925244 1.760101482896017 10.80171517357774 17.39310029078961 9.149904074005104 4.001231536881739 5.570739847206835 9.26340345924892 -25.62478645503572 -3.699948647549025 16.47511386175044


